Timestamp,Voltage
224945,0.0000
224947,0.0000
224949,0.0000
224950,0.0000
224952,0.0000
224954,0.0000
224956,0.0000
224957,0.0000
224959,0.0000
224961,0.0000
224962,0.0000
224964,0.0000
224966,0.0000
224967,0.0000
224969,0.0000
224971,0.0000
224987,0.0000
224989,0.0000
224991,0.0000
224993,0.0000
224994,0.0000
224996,0.0000
224998,0.0000
225000,0.0000
225001,0.0016
225003,0.0000
225005,0.0000
225006,0.0000
225008,0.0000
225010,0.0000
225012,0.0000
225013,0.0000
225015,0.0000
225017,0.0000
225019,0.0000
225020,0.0000
225022,0.0000
225039,0.0000
225040,0.0000
225042,0.0000
225044,0.0000
225045,0.0000
225047,0.0000
225049,0.0000
225051,0.0000
225052,0.0000
225054,0.0000
225056,0.0000
225058,0.0000
225059,0.0000
225061,0.0000
225063,0.0000
225064,0.0000
225066,0.0000
225068,0.0000
225070,0.0000
225071,0.0000
225073,0.0000
225090,0.0000
225091,0.0000
225093,0.0000
225095,0.0000
225096,0.0000
225098,0.0000
225100,0.0000
225102,0.0000
225103,0.0000
225105,0.0000
225107,0.0000
225109,0.0000
225110,0.0000
225112,0.0000
225114,0.0000
225116,0.0000
225117,0.0000
225119,0.0000
225121,0.0000
225122,0.0000
225124,0.0000
225141,0.0000
225142,0.0000
225144,0.0000
225146,0.0000
225148,0.0000
225149,0.0000
225151,0.0000
225153,0.0000
225154,0.0000
225156,0.0000
225158,0.0000
225160,0.0000
225161,0.0000
225163,0.0000
225165,0.0000
225167,0.0000
225168,0.0016
225170,0.0000
225172,0.0000
225173,0.0000
225175,0.0000
225192,0.0000
225193,0.0000
225195,0.0000
225197,0.0000
225199,0.0000
225200,0.0000
225202,0.0000
225204,0.0000
225205,0.0000
225207,0.0000
225209,0.0000
225211,0.0000
225213,0.0000
225214,0.0000
225216,0.0000
225218,0.0000
225219,0.0000
225221,0.0000
225223,0.0000
225224,0.0000
225226,0.0000
225243,0.0000
225245,0.0000
225246,0.0000
225248,0.0000
225250,0.0000
225252,0.0000
225253,0.0000
225255,0.0000
225257,0.0000
225258,0.0000
225260,0.0000
225262,0.0000
225263,0.0000
225265,0.0000
225267,0.0000
225269,0.0000
225270,0.0000
225272,0.0000
225274,0.0000
225276,0.0000
225277,0.0000
225294,0.0000
225296,0.0000
225298,0.0000
225299,0.0000
225301,0.0000
225303,0.0000
225304,0.0000
225306,0.0000
225308,0.0000
225310,0.0000
225311,0.0000
225313,0.0000
225315,0.0000
225317,0.0000
225318,0.0000
225320,0.0000
225322,0.0000
225323,0.0000
225325,0.0000
225327,0.0000
225343,0.0000
225345,0.0000
225347,0.0000
225349,0.0000
225350,0.0000
225352,0.0000
225354,0.0000
225356,0.0000
225357,0.0000
225359,0.0000
225361,0.0000
225362,0.0000
225364,0.0000
225366,0.0000
225368,0.0000
225369,0.0000
225371,0.0000
225373,0.0000
225375,0.0000
225376,0.0000
225378,0.0000
225395,0.0000
225396,0.0000
225398,0.0000
225400,0.0000
225401,0.0000
225403,0.0000
225405,0.0000
225407,0.0000
225408,0.0000
225410,0.0000
225412,0.0000
225414,0.0000
225415,0.0000
225417,0.0000
225419,0.0000
225420,0.0000
225422,0.0000
225424,0.0000
225426,0.0000
225427,0.0000
225429,0.0016
225446,0.0000
225447,0.0000
225449,0.0000
225451,0.0000
225453,0.0000
225454,0.0000
225456,0.0000
225458,0.0000
225460,0.0000
225461,0.0000
225463,0.0000
225465,0.0000
225466,0.0000
225468,0.0000
225470,0.0000
225472,0.0000
225473,0.0000
225475,0.0000
225477,0.0000
225479,0.0000
225480,0.0000
225497,0.0000
225499,0.0000
225500,0.0000
225502,0.0000
225504,0.0000
225505,0.0016
225507,0.0000
225509,0.0000
225511,0.0000
225512,0.0000
225514,0.0000
225516,0.0000
225518,0.0000
225519,0.0000
225521,0.0000
225523,0.0000
225524,0.0000
225526,0.0000
225528,0.0000
225530,0.0000
225531,0.0000
225548,0.0000
225550,0.0000
225551,0.0000
225553,0.0000
225555,0.0000
225557,0.0000
225558,0.0000
225560,0.0000
225562,0.0000
225563,0.0000
225565,0.0000
225567,0.0000
225569,0.0000
225570,0.0000
225572,0.0000
225574,0.0000
225576,0.0000
225577,0.0000
225579,0.0000
225581,0.0000
225582,0.0000
225599,0.0000
225601,0.0000
225602,0.0000
225604,0.0000
225606,0.0000
225608,0.0000
225609,0.0000
225611,0.0000
225613,0.0000
225615,0.0000
225616,0.0000
225618,0.0000
225620,0.0000
225621,0.0000
225623,0.0000
225625,0.0000
225627,0.0000
225628,0.0000
225630,0.0000
225632,0.0000
225648,0.0000
225650,0.0000
225652,0.0000
225654,0.0000
225655,0.0000
225657,0.0000
225659,0.0000
225660,0.0000
225662,0.0000
225664,0.0000
225666,0.0000
225667,0.0000
225669,0.0016
225671,0.0000
225673,0.0000
225674,0.0000
225676,0.0000
225678,0.0000
225680,0.0000
225681,0.0000
225683,0.0000
225700,0.0000
225701,0.0000
225703,0.0000
225705,0.0000
225706,0.0000
225708,0.0000
225710,0.0000
225712,0.0000
225713,0.0000
225715,0.0000
225717,0.0000
225718,0.0000
225720,0.0000
225722,0.0016
225724,0.0000
225726,0.0000
225727,0.0000
225729,0.0000
225731,0.0000
225733,0.0000
225734,0.0000
225751,0.0000
225752,0.0000
225754,0.0000
225756,0.0000
225758,0.0000
225759,0.0000
225761,0.0000
225763,0.0016
225765,0.0000
225766,0.0000
225768,0.0000
225770,0.0000
225771,0.0000
225773,0.0000
225775,0.0000
225777,0.0000
225778,0.0000
225780,0.0000
225782,0.0000
225783,0.0000
225785,0.0000
225802,0.0000
225803,0.0000
225805,0.0000
225807,0.0000
225809,0.0000
225810,0.0000
225812,0.0000
225814,0.0000
225816,0.0000
225817,0.0000
225819,0.0000
225821,0.0000
225822,0.0000
225824,0.0000
225826,0.0000
225828,0.0000
225829,0.0000
225831,0.0000
225833,0.0000
225834,0.0000
225836,0.0000
225853,0.0000
225854,0.0000
225856,0.0000
225858,0.0000
225859,0.0000
225861,0.0000
225863,0.0000
225865,0.0000
225866,0.0000
225868,0.0000
225870,0.0000
225872,0.0000
225873,0.0000
225875,0.0000
225877,0.0000
225878,0.0000
225880,0.0000
225882,0.0000
225884,0.0000
225885,0.0000
225887,0.0000
225904,0.0000
225905,0.0000
225907,0.0000
225909,0.0000
225910,0.0000
225912,0.0000
225914,0.0000
225916,0.0000
225917,0.0000
225919,0.0000
225921,0.0016
225923,0.0016
225924,0.0000
225926,0.0000
225928,0.0000
225930,0.0000
225931,0.0000
225933,0.0000
225935,0.0000
225937,0.0000
225938,0.0000
225955,0.0000
225957,0.0000
225958,0.0000
225960,0.0000
225962,0.0000
225963,0.0000
225965,0.0000
225967,0.0000
225969,0.0000
225970,0.0000
225972,0.0000
225974,0.0000
225976,0.0000
225977,0.0000
225979,0.0000
225981,0.0000
225982,0.0000
225984,0.0000
225986,0.0000
225988,0.0000
225989,0.0000
226006,0.0000
226008,0.0000
226009,0.0000
226011,0.0000
226013,0.0000
226014,0.0000
226016,0.0000
226018,0.0000
226020,0.0000
226021,0.0000
226023,0.0000
226025,0.0000
226027,0.0000
226028,0.0000
226030,0.0000
226032,0.0000
226033,0.0000
226035,0.0000
226037,0.0000
226039,0.0000
226040,0.0000
226057,0.0000
226059,0.0000
226060,0.0000
226062,0.0000
226064,0.0000
226065,0.0000
226067,0.0000
226069,0.0000
226071,0.0000
226072,0.0000
226074,0.0000
226076,0.0000
226078,0.0000
226079,0.0000
226081,0.0000
226083,0.0000
226084,0.0000
226086,0.0000
226088,0.0000
226090,0.0000
226091,0.0000
226108,0.0000
226110,0.0000
226111,0.0000
226113,0.0000
226115,0.0000
226117,0.0000
226118,0.0000
226120,0.0000
226122,0.0000
226123,0.0000
226125,0.0000
226127,0.0000
226129,0.0000
226130,0.0000
226132,0.0000
226134,0.0000
226136,0.0000
226137,0.0000
226139,0.0000
226141,0.0000
226157,0.0000
226159,0.0000
226161,0.0000
226163,0.0000
226164,0.0000
226166,0.0000
226168,0.0000
226169,0.0000
226171,0.0000
226173,0.0000
226175,0.0000
226176,0.0000
226178,0.0000
226180,0.0000
226182,0.0000
226183,0.0000
226185,0.0000
226187,0.0000
226189,0.0000
226190,0.0000
226192,0.0000
226209,0.0000
226210,0.0000
226212,0.0000
226214,0.0000
226215,0.0000
226217,0.0000
226219,0.0000
226221,0.0000
226222,0.0000
226224,0.0000
226226,0.0000
226228,0.0000
226229,0.0000
226231,0.0000
226233,0.0000
226235,0.0000
226236,0.0000
226238,0.0000
226240,0.0000
226241,0.0000
226243,0.0000
226260,0.0000
226261,0.0000
226263,0.0000
226265,0.0000
226267,0.0000
226268,0.0000
226270,0.0000
226272,0.0000
226274,0.0000
226275,0.0000
226277,0.0000
226279,0.0000
226280,0.0000
226282,0.0000
226284,0.0000
226286,0.0000
226287,0.0000
226289,0.0000
226291,0.0000
226293,0.0000
226294,0.0000
226311,0.0000
226313,0.0000
226314,0.0000
226316,0.0000
226318,0.0000
226319,0.0000
226321,0.0000
226323,0.0000
226325,0.0000
226326,0.0000
226328,0.0000
226330,0.0000
226332,0.0000
226333,0.0000
226335,0.0000
226337,0.0000
226338,0.0000
226340,0.0000
226342,0.0000
226343,0.0000
226345,0.0000
226362,0.0000
226363,0.0000
226365,0.0000
226367,0.0000
226369,0.0000
226370,0.0000
226372,0.0000
226374,0.0000
226375,0.0000
226377,0.0000
226379,0.0000
226381,0.0000
226382,0.0000
226384,0.0000
226386,0.0016
226388,0.0000
226389,0.0000
226391,0.0000
226393,0.0000
226394,0.0000
226396,0.0000
226413,0.0000
226414,0.0000
226416,0.0000
226418,0.0000
226420,0.0000
226421,0.0000
226423,0.0000
226425,0.0000
226427,0.0000
226428,0.0000
226430,0.0000
226432,0.0000
226433,0.0000
226435,0.0000
226437,0.0000
226439,0.0000
226440,0.0000
226442,0.0016
226444,0.0000
226446,0.0000
226447,0.0000
226464,0.0000
226466,0.0000
226467,0.0000
226469,0.0000
226471,0.0000
226472,0.0000
226474,0.0000
226476,0.0000
226478,0.0000
226479,0.0000
226481,0.0000
226483,0.0000
226485,0.0000
226486,0.0000
226488,0.0000
226490,0.0000
226491,0.0000
226493,0.0000
226495,0.0000
226497,0.0000
226498,0.0000
226515,0.0000
226517,0.0000
226518,0.0000
226520,0.0000
226522,0.0000
226524,0.0000
226525,0.0000
226527,0.0000
226529,0.0000
226531,0.0000
226532,0.0000
226534,0.0000
226536,0.0000
226537,0.0000
226539,0.0000
226541,0.0000
226543,0.0000
226545,0.0000
226546,0.0000
226548,0.0000
226565,0.0000
226566,0.0000
226568,0.0000
226570,0.0000
226572,0.0000
226573,0.0000
226575,0.0000
226577,0.0000
226578,0.0000
226580,0.0000
226582,0.0000
226584,0.0000
226585,0.0000
226587,0.0016
226589,0.0000
226591,0.0000
226592,0.0000
226594,0.0000
226596,0.0000
226598,0.0000
226599,0.0000
226616,0.0000
226618,0.0000
226619,0.0000
226621,0.0000
226623,0.0000
226625,0.0000
226627,0.0000
226628,0.0000
226630,0.0000
226632,0.0000
226633,0.0000
226635,0.0000
226637,0.0000
226639,0.0000
226640,0.0000
226642,0.0000
226644,0.0000
226646,0.0000
226648,0.0000
226649,0.0000
226666,0.0000
226668,0.0000
226669,0.0000
226671,0.0000
226673,0.0000
226675,0.0000
226676,0.0000
226678,0.0000
226680,0.0000
226682,0.0000
226683,0.0000
226685,0.0000
226687,0.0000
226689,0.0000
226690,0.0000
226692,0.0000
226694,0.0000
226695,0.0000
226697,0.0000
226699,0.0000
226715,0.0000
226717,0.0000
226719,0.0000
226721,0.0000
226722,0.0000
226724,0.0000
226726,0.0000
226728,0.0000
226729,0.0000
226731,0.0000
226733,0.0000
226735,0.0000
226736,0.0000
226738,0.0000
226740,0.0000
226742,0.0000
226743,0.0000
226745,0.0000
226747,0.0000
226748,0.0000
226750,0.0000
226767,0.0000
226769,0.0000
226770,0.0000
226772,0.0000
226774,0.0000
226775,0.0000
226777,0.0000
226779,0.0000
226781,0.0000
226782,0.0000
226784,0.0000
226786,0.0000
226788,0.0000
226789,0.0000
226791,0.0000
226793,0.0000
226795,0.0000
226796,0.0000
226798,0.0000
226800,0.0000
226816,0.0000
226818,0.0000
226820,0.0000
226822,0.0000
226823,0.0000
226825,0.0000
226827,0.0000
226829,0.0000
226830,0.0000
226832,0.0000
226834,0.0000
226836,0.0000
226837,0.0000
226839,0.0000
226841,0.0000
226843,0.0000
226844,0.0000
226846,0.0000
226848,0.0000
226849,0.0000
226851,0.0000
226868,0.0000
226869,0.0000
226871,0.0000
226873,0.0000
226875,0.0000
226876,0.0000
226878,0.0000
226880,0.0000
226882,0.0000
226883,0.0000
226885,0.0000
226887,0.0000
226888,0.0000
226890,0.0000
226892,0.0000
226894,0.0000
226895,0.0000
226897,0.0000
226899,0.0000
226901,0.0000
226902,0.0000
226919,0.0000
226921,0.0000
226922,0.0000
226924,0.0000
226926,0.0000
226928,0.0000
226929,0.0000
226931,0.0000
226933,0.0000
226934,0.0000
226936,0.0000
226938,0.0000
226940,0.0000
226942,0.0000
226943,0.0000
226945,0.0000
226947,0.0000
226948,0.0000
226950,0.0000
226952,0.0000
226969,0.0000
226970,0.0000
226972,0.0000
226974,0.0000
226975,0.0000
226977,0.0000
226979,0.0000
226981,0.0000
226982,0.0000
226984,0.0000
226986,0.0000
226988,0.0000
226989,0.0000
226991,0.0000
226993,0.0000
226995,0.0000
226996,0.0000
226998,0.0000
227000,0.0000
227002,0.0000
227003,0.0000
227020,0.0000
227022,0.0000
227023,0.0000
227025,0.0000
227027,0.0000
227029,0.0000
227030,0.0000
227032,0.0000
227034,0.0000
227035,0.0000
227037,0.0000
227039,0.0000
227041,0.0000
227042,0.0000
227044,0.0000
227046,0.0000
227047,0.0000
227049,0.0000
227051,0.0000
227052,0.0000
227054,0.0000
227071,0.0000
227073,0.0000
227074,0.0000
227076,0.0000
227078,0.0000
227079,0.0000
227081,0.0000
227083,0.0000
227085,0.0000
227086,0.0000
227088,0.0000
227090,0.0000
227091,0.0000
227093,0.0016
227095,0.0000
227097,0.0000
227099,0.0000
227100,0.0000
227102,0.0000
227104,0.0000
227121,0.0000
227122,0.0000
227124,0.0000
227126,0.0000
227127,0.0000
227129,0.0000
227131,0.0000
227133,0.0000
227134,0.0000
227136,0.0000
227138,0.0000
227140,0.0000
227141,0.0000
227143,0.0000
227145,0.0000
227147,0.0000
227148,0.0000
227150,0.0000
227152,0.0000
227153,0.0000
227155,0.0000
227171,0.0000
227173,0.0000
227175,0.0000
227177,0.0000
227178,0.0000
227180,0.0000
227182,0.0000
227184,0.0000
227185,0.0000
227187,0.0000
227189,0.0000
227190,0.0000
227192,0.0000
227194,0.0000
227196,0.0000
227197,0.0000
227199,0.0000
227201,0.0000
227203,0.0000
227204,0.0000
227206,0.0000
227223,0.0000
227224,0.0000
227226,0.0000
227228,0.0000
227230,0.0000
227231,0.0000
227233,0.0000
227235,0.0000
227237,0.0000
227238,0.0000
227240,0.0000
227242,0.0000
227243,0.0000
227245,0.0000
227247,0.0000
227249,0.0000
227250,0.0000
227252,0.0000
227254,0.0000
227256,0.0000
227257,0.0000
227274,0.0000
227276,0.0000
227277,0.0000
227279,0.0000
227281,0.0000
227283,0.0000
227284,0.0000
227286,0.0000
227288,0.0000
227289,0.0000
227291,0.0000
227293,0.0000
227295,0.0000
227296,0.0000
227298,0.0000
227300,0.0000
227302,0.0000
227303,0.0000
227305,0.0000
227307,0.0000
227308,0.0000
227325,0.0000
227327,0.0000
227328,0.0000
227330,0.0000
227332,0.0000
227333,0.0000
227335,0.0000
227337,0.0000
227339,0.0000
227340,0.0000
227342,0.0000
227344,0.0000
227346,0.0000
227347,0.0000
227349,0.0000
227351,0.0000
227353,0.0000
227354,0.0000
227356,0.0000
227358,0.0000
227360,0.0000
227376,0.0000
227378,0.0000
227379,0.0000
227381,0.0000
227383,0.0000
227385,0.0000
227386,0.0000
227388,0.0000
227390,0.0000
227391,0.0000
227393,0.0000
227395,0.0000
227397,0.0000
227399,0.0000
227400,0.0000
227402,0.0000
227404,0.0000
227405,0.0000
227407,0.0000
227409,0.0000
227425,0.0000
227427,0.0000
227429,0.0000
227431,0.0000
227432,0.0000
227434,0.0000
227436,0.0000
227438,0.0000
227439,0.0000
227441,0.0000
227443,0.0000
227445,0.0000
227446,0.0000
227448,0.0000
227450,0.0000
227451,0.0000
227453,0.0000
227455,0.0000
227457,0.0000
227458,0.0000
227460,0.0000
227477,0.0000
227478,0.0016
227480,0.0000
227482,0.0000
227484,0.0000
227485,0.0000
227487,0.0000
227489,0.0000
227491,0.0000
227492,0.0000
227494,0.0000
227496,0.0000
227498,0.0000
227499,0.0000
227501,0.0000
227503,0.0000
227504,0.0000
227506,0.0000
227508,0.0000
227510,0.0000
227511,0.0000
227528,0.0000
227530,0.0000
227531,0.0000
227533,0.0000
227535,0.0000
227537,0.0000
227538,0.0000
227540,0.0000
227542,0.0000
227543,0.0000
227545,0.0000
227547,0.0000
227549,0.0000
227550,0.0000
227552,0.0000
227554,0.0000
227555,0.0000
227557,0.0000
227559,0.0000
227561,0.0000
227562,0.0000
227579,0.0000
227581,0.0000
227582,0.0000
227584,0.0000
227586,0.0000
227588,0.0000
227589,0.0000
227591,0.0000
227593,0.0000
227595,0.0000
227596,0.0000
227598,0.0000
227600,0.0000
227601,0.0000
227603,0.0000
227605,0.0000
227607,0.0000
227608,0.0000
227610,0.0000
227612,0.0000
227628,0.0000
227630,0.0000
227632,0.0000
227634,0.0000
227635,0.0000
227637,0.0000
227639,0.0000
227641,0.0000
227642,0.0000
227644,0.0000
227646,0.0000
227647,0.0000
227649,0.0000
227651,0.0000
227653,0.0000
227654,0.0000
227656,0.0000
227658,0.0000
227660,0.0000
227661,0.0000
227663,0.0000
227680,0.0000
227681,0.0000
227683,0.0000
227685,0.0000
227686,0.0000
227688,0.0000
227690,0.0000
227692,0.0000
227693,0.0000
227695,0.0000
227697,0.0000
227699,0.0000
227700,0.0000
227702,0.0000
227704,0.0000
227705,0.0016
227707,0.0000
227709,0.0000
227711,0.0000
227712,0.0000
227714,0.0000
227731,0.0000
227732,0.0000
227734,0.0000
227736,0.0000
227737,0.0000
227739,0.0000
227741,0.0000
227743,0.0000
227744,0.0000
227746,0.0000
227748,0.0000
227749,0.0000
227751,0.0000
227753,0.0000
227755,0.0000
227757,0.0000
227758,0.0000
227760,0.0000
227762,0.0000
227763,0.0000
227765,0.0000
227782,0.0000
227783,0.0000
227785,0.0000
227787,0.0000
227788,0.0000
227790,0.0000
227792,0.0000
227794,0.0000
227795,0.0000
227797,0.0000
227799,0.0000
227801,0.0000
227802,0.0000
227804,0.0000
227806,0.0000
227807,0.0000
227809,0.0000
227811,0.0000
227813,0.0000
227814,0.0000
227816,0.0000
227832,0.0000
227834,0.0000
227836,0.0000
227838,0.0000
227839,0.0000
227841,0.0000
227843,0.0000
227844,0.0000
227846,0.0000
227848,0.0000
227850,0.0000
227851,0.0000
227853,0.0000
227855,0.0000
227856,0.0000
227858,0.0000
227860,0.0000
227862,0.0000
227863,0.0000
227865,0.0000
227867,0.0000
227884,0.0000
227885,0.0000
227887,0.0000
227889,0.0000
227890,0.0000
227892,0.0000
227894,0.0000
227896,0.0000
227897,0.0000
227899,0.0000
227901,0.0000
227903,0.0000
227904,0.0000
227906,0.0000
227908,0.0000
227909,0.0000
227911,0.0000
227913,0.0000
227915,0.0000
227916,0.0000
227933,0.0000
227935,0.0000
227936,0.0000
227938,0.0000
227940,0.0000
227941,0.0000
227943,0.0000
227945,0.0000
227947,0.0000
227948,0.0000
227950,0.0000
227952,0.0000
227954,0.0000
227955,0.0000
227957,0.0000
227959,0.0000
227960,0.0000
227962,0.0000
227964,0.0000
227966,0.0000
227967,0.0000
227984,0.0000
227986,0.0000
227987,0.0000
227989,0.0000
227991,0.0000
227993,0.0000
227994,0.0000
227996,0.0000
227998,0.0000
228000,0.0000
228001,0.0000
228003,0.0000
228005,0.0000
228007,0.0000
228008,0.0000
228010,0.0000
228012,0.0000
228013,0.0000
228015,0.0000
228017,0.0000
228034,0.0000
228035,0.0000
228037,0.0000
228039,0.0000
228041,0.0000
228042,0.0000
228044,0.0000
228046,0.0000
228047,0.0000
228049,0.0000
228051,0.0000
228053,0.0000
228055,0.0000
228056,0.0000
228058,0.0016
228060,0.0000
228062,0.0000
228063,0.0000
228065,0.0000
228067,0.0000
228083,0.0000
228085,0.0000
228087,0.0000
228089,0.0000
228090,0.0000
228092,0.0000
228094,0.0000
228096,0.0000
228097,0.0000
228099,0.0000
228101,0.0000
228102,0.0000
228104,0.0000
228106,0.0000
228108,0.0000
228109,0.0000
228111,0.0000
228113,0.0000
228115,0.0000
228116,0.0000
228118,0.0000
228135,0.0000
228136,0.0000
228138,0.0000
228140,0.0000
228141,0.0000
228143,0.0000
228145,0.0000
228147,0.0000
228148,0.0000
228150,0.0000
228152,0.0000
228153,0.0000
228155,0.0000
228157,0.0000
228159,0.0000
228160,0.0000
228162,0.0000
228164,0.0000
228165,0.0000
228167,0.0000
228169,0.0000
228185,0.0000
228187,0.0000
228189,0.0000
228191,0.0000
228192,0.0000
228194,0.0000
228196,0.0000
228198,0.0000
228199,0.0000
228201,0.0000
228203,0.0000
228204,0.0000
228206,0.0000
228208,0.0000
228209,0.0000
228211,0.0000
228213,0.0000
228215,0.0000
228216,0.0000
228218,0.0000
228220,0.0000
228236,0.0000
228238,0.0000
228240,0.0000
228241,0.0000
228243,0.0000
228245,0.0000
228247,0.0000
228248,0.0000
228250,0.0000
228252,0.0000
228254,0.0000
228255,0.0000
228257,0.0000
228259,0.0000
228261,0.0000
228262,0.0000
228264,0.0000
228266,0.0000
228267,0.0000
228269,0.0000
228271,0.0000
228288,0.0000
228289,0.0000
228291,0.0000
228293,0.0016
228295,0.0000
228296,0.0000
228298,0.0000
228300,0.0000
228301,0.0000
228303,0.0000
228305,0.0000
228307,0.0000
228308,0.0000
228310,0.0000
228312,0.0000
228314,0.0000
228315,0.0000
228317,0.0000
228319,0.0000
228320,0.0000
228322,0.0000
228339,0.0000
228340,0.0000
228342,0.0000
228344,0.0000
228346,0.0000
228347,0.0000
228349,0.0000
228351,0.0000
228353,0.0000
228354,0.0000
228356,0.0000
228358,0.0000
228360,0.0000
228361,0.0000
228363,0.0000
228365,0.0000
228366,0.0000
228368,0.0000
228370,0.0000
228372,0.0000
228373,0.0000
228390,0.0000
228392,0.0000
228393,0.0000
228395,0.0000
228397,0.0000
228399,0.0000
228400,0.0000
228402,0.0000
228404,0.0000
228405,0.0000
228407,0.0000
228409,0.0000
228411,0.0000
228412,0.0000
228414,0.0000
228416,0.0000
228417,0.0000
228419,0.0000
228421,0.0000
228423,0.0000
228424,0.0000
228441,0.0000
228443,0.0000
228444,0.0000
228446,0.0000
228448,0.0000
228450,0.0000
228451,0.0000
228453,0.0000
228455,0.0000
228457,0.0000
228458,0.0000
228460,0.0000
228462,0.0000
228463,0.0000
228465,0.0000
228467,0.0000
228469,0.0000
228470,0.0000
228472,0.0000
228474,0.0000
228477,0.0000
228479,0.0000
228481,0.0000
228482,0.0000
228484,0.0000
228486,0.0000
228487,0.0000
228489,0.0000
228491,0.0016
228493,0.0000
228495,0.0000
228496,0.0000
228498,0.0000
228500,0.0000
228501,0.0000
228503,0.0016
228505,0.0000
228507,0.0000
228508,0.0000
228510,0.0000
228512,0.0000
228514,0.0000
228515,0.0000
228517,0.0000
228519,0.0000
228520,0.0000
228522,0.0000
228524,0.0000
228540,0.0000
228542,0.0000
228544,0.0000
228546,0.0016
228547,0.0000
228549,0.0000
228551,0.0000
228553,0.0000
228554,0.0000
228556,0.0000
228558,0.0000
228560,0.0000
228561,0.0000
228563,0.0000
228565,0.0000
228566,0.0000
228568,0.0000
228570,0.0000
228572,0.0000
228573,0.0000
228575,0.0000
228579,0.0000
228580,0.0000
228582,0.0000
228584,0.0000
228585,0.0000
228587,0.0000
228589,0.0000
228591,0.0000
228592,0.0000
228594,0.0000
228596,0.0000
228598,0.0000
228599,0.0000
228601,0.0000
228603,0.0000
228604,0.0000
228606,0.0000
228608,0.0000
228610,0.0000
228611,0.0000
228613,0.0000
228615,0.0000
228617,0.0000
228618,0.0000
228620,0.0000
228622,0.0000
228623,0.0000
228625,0.0000
228642,0.0000
228643,0.0000
228645,0.0000
228647,0.0000
228648,0.0000
228650,0.0000
228652,0.0000
228654,0.0000
228655,0.0000
228657,0.0000
228659,0.0000
228661,0.0000
228662,0.0000
228664,0.0000
228666,0.0000
228668,0.0000
228669,0.0000
228671,0.0000
228673,0.0000
228675,0.0000
228676,0.0000
228693,0.0000
228694,0.0000
228696,0.0000
228698,0.0000
228700,0.0000
228701,0.0000
228703,0.0000
228705,0.0000
228706,0.0000
228708,0.0000
228710,0.0000
228712,0.0000
228713,0.0000
228715,0.0000
228717,0.0000
228718,0.0000
228720,0.0000
228722,0.0000
228724,0.0000
228725,0.0000
228727,0.0000
228744,0.0000
228745,0.0000
228747,0.0000
228749,0.0000
228751,0.0000
228752,0.0000
228754,0.0000
228756,0.0000
228757,0.0000
228759,0.0000
228761,0.0000
228763,0.0000
228764,0.0000
228766,0.0000
228768,0.0000
228770,0.0000
228771,0.0000
228773,0.0000
228775,0.0000
228777,0.0000
228778,0.0000
228795,0.0000
228796,0.0000
228798,0.0000
228800,0.0000
228802,0.0000
228803,0.0000
228805,0.0000
228807,0.0000
228808,0.0000
228810,0.0000
228812,0.0000
228814,0.0000
228816,0.0000
228817,0.0000
228819,0.0000
228821,0.0000
228822,0.0000
228824,0.0000
228826,0.0000
228827,0.0000
228829,0.0000
228846,0.0000
228847,0.0000
228849,0.0000
228851,0.0000
228853,0.0000
228854,0.0000
228856,0.0000
228858,0.0000
228859,0.0000
228861,0.0000
228863,0.0000
228865,0.0000
228866,0.0000
228868,0.0000
228870,0.0000
228872,0.0000
228873,0.0000
228875,0.0000
228877,0.0000
228878,0.0000
228880,0.0000
228897,0.0000
228898,0.0000
228900,0.0000
228902,0.0000
228903,0.0000
228905,0.0000
228907,0.0000
228909,0.0000
228910,0.0000
228912,0.0000
228914,0.0000
228916,0.0000
228917,0.0000
228919,0.0000
228921,0.0000
228922,0.0000
228924,0.0000
228926,0.0000
228928,0.0000
228929,0.0000
228931,0.0000
228948,0.0000
228949,0.0000
228951,0.0000
228953,0.0000
228955,0.0000
228956,0.0000
228958,0.0000
228960,0.0000
228961,0.0000
228963,0.0000
228965,0.0000
228967,0.0000
228968,0.0000
228970,0.0000
228972,0.0000
228974,0.0000
228975,0.0000
228977,0.0000
228979,0.0000
228980,0.0000
228982,0.0000
228999,0.0000
229000,0.0000
229002,0.0000
229004,0.0000
229006,0.0000
229007,0.0000
229009,0.0000
229011,0.0000
229012,0.0000
229014,0.0000
229016,0.0000
229018,0.0000
229019,0.0000
229021,0.0000
229023,0.0000
229025,0.0000
229026,0.0000
229028,0.0000
229030,0.0000
229032,0.0000
229033,0.0000
229050,0.0000
229052,0.0000
229053,0.0000
229055,0.0000
229057,0.0000
229058,0.0000
229060,0.0000
229062,0.0000
229064,0.0000
229065,0.0000
229067,0.0000
229069,0.0000
229071,0.0000
229072,0.0000
229074,0.0000
229076,0.0000
229078,0.0000
229079,0.0000
229081,0.0000
229083,0.0000
229084,0.0000
229101,0.0000
229103,0.0000
229104,0.0000
229106,0.0000
229108,0.0000
229110,0.0000
229112,0.0000
229113,0.0000
229115,0.0000
229117,0.0000
229118,0.0000
229120,0.0000
229122,0.0000
229123,0.0000
229125,0.0000
229127,0.0000
229129,0.0000
229130,0.0000
229132,0.0000
229134,0.0000
229150,0.0000
229152,0.0000
229154,0.0000
229156,0.0000
229157,0.0000
229159,0.0000
229161,0.0016
229162,0.0000
229164,0.0000
229166,0.0000
229168,0.0000
229169,0.0000
229171,0.0000
229173,0.0000
229175,0.0000
229176,0.0000
229178,0.0000
229180,0.0000
229182,0.0000
229183,0.0000
229185,0.0000
229202,0.0000
229203,0.0000
229205,0.0000
229207,0.0000
229208,0.0000
229210,0.0000
229212,0.0000
229214,0.0000
229215,0.0000
229217,0.0000
229219,0.0000
229221,0.0000
229222,0.0000
229224,0.0000
229226,0.0000
229227,0.0000
229229,0.0000
229231,0.0000
229233,0.0000
229234,0.0000
229236,0.0000
229252,0.0000
229254,0.0000
229256,0.0000
229258,0.0000
229259,0.0000
229261,0.0000
229263,0.0000
229264,0.0000
229266,0.0000
229268,0.0000
229270,0.0000
229272,0.0000
229273,0.0000
229275,0.0000
229277,0.0000
229278,0.0000
229280,0.0000
229282,0.0000
229283,0.0000
229285,0.0000
229287,0.0000
229303,0.0000
229305,0.0000
229307,0.0000
229309,0.0000
229310,0.0000
229312,0.0000
229314,0.0000
229316,0.0000
229317,0.0000
229319,0.0000
229321,0.0000
229322,0.0000
229324,0.0000
229326,0.0000
229328,0.0000
229329,0.0000
229331,0.0000
229333,0.0000
229335,0.0000
229336,0.0000
229338,0.0000
229354,0.0000
229356,0.0000
229358,0.0000
229360,0.0000
229361,0.0000
229363,0.0000
229365,0.0000
229367,0.0000
229368,0.0000
229370,0.0000
229372,0.0000
229373,0.0000
229375,0.0000
229377,0.0000
229379,0.0000
229380,0.0000
229382,0.0000
229384,0.0000
229386,0.0000
229387,0.0000
229389,0.0000
229406,0.0000
229407,0.0000
229409,0.0000
229411,0.0000
229412,0.0000
229414,0.0000
229416,0.0000
229418,0.0000
229419,0.0000
229421,0.0000
229423,0.0000
229424,0.0000
229426,0.0000
229428,0.0000
229430,0.0000
229431,0.0000
229433,0.0000
229435,0.0000
229437,0.0000
229438,0.0000
229440,0.0000
229456,0.0000
229458,0.0000
229460,0.0000
229462,0.0000
229463,0.0000
229465,0.0000
229467,0.0000
229469,0.0016
229470,0.0000
229472,0.0000
229474,0.0000
229476,0.0000
229477,0.0000
229479,0.0000
229481,0.0000
229482,0.0000
229484,0.0000
229486,0.0000
229488,0.0000
229489,0.0000
229491,0.0000
229508,0.0000
229509,0.0000
229511,0.0000
229513,0.0000
229515,0.0000
229516,0.0000
229518,0.0000
229520,0.0000
229521,0.0000
229523,0.0000
229525,0.0000
229527,0.0000
229528,0.0000
229530,0.0000
229532,0.0000
229534,0.0000
229535,0.0000
229537,0.0000
229539,0.0000
229540,0.0000
229542,0.0000
229559,0.0000
229560,0.0000
229562,0.0000
229564,0.0000
229566,0.0000
229567,0.0000
229569,0.0000
229571,0.0000
229573,0.0000
229574,0.0000
229576,0.0000
229578,0.0000
229579,0.0000
229581,0.0000
229583,0.0000
229585,0.0000
229586,0.0000
229588,0.0000
229590,0.0000
229591,0.0000
229593,0.0000
229610,0.0000
229611,0.0000
229613,0.0000
229615,0.0000
229617,0.0000
229618,0.0000
229620,0.0000
229622,0.0000
229624,0.0000
229625,0.0000
229627,0.0000
229629,0.0000
229630,0.0000
229632,0.0000
229634,0.0016
229636,0.0000
229637,0.0000
229639,0.0000
229641,0.0000
229643,0.0000
229644,0.0000
229661,0.0000
229663,0.0000
229664,0.0000
229666,0.0000
229668,0.0000
229670,0.0000
229671,0.0000
229673,0.0000
229675,0.0000
229676,0.0000
229678,0.0000
229680,0.0000
229681,0.0000
229683,0.0000
229685,0.0000
229687,0.0000
229688,0.0000
229690,0.0000
229692,0.0000
229694,0.0000
229695,0.0000
229712,0.0000
229714,0.0000
229715,0.0000
229717,0.0000
229719,0.0000
229720,0.0000
229722,0.0000
229724,0.0000
229726,0.0000
229727,0.0000
229729,0.0000
229731,0.0000
229732,0.0000
229734,0.0000
229736,0.0000
229738,0.0000
229739,0.0000
229741,0.0000
229743,0.0000
229745,0.0000
229746,0.0000
229763,0.0000
229765,0.0000
229766,0.0016
229768,0.0000
229770,0.0000
229771,0.0000
229773,0.0000
229775,0.0000
229777,0.0000
229778,0.0000
229780,0.0000
229782,0.0000
229783,0.0000
229785,0.0000
229787,0.0000
229789,0.0000
229790,0.0000
229792,0.0000
229794,0.0000
229795,0.0000
229797,0.0000
229814,0.0000
229815,0.0000
229817,0.0000
229819,0.0000
229821,0.0000
229822,0.0000
229824,0.0000
229826,0.0000
229828,0.0000
229829,0.0000
229831,0.0000
229833,0.0000
229834,0.0000
229836,0.0000
229838,0.0000
229839,0.0000
229841,0.0000
229843,0.0000
229845,0.0000
229846,0.0000
229848,0.0000
229865,0.0000
229867,0.0000
229868,0.0000
229870,0.0000
229872,0.0000
229873,0.0000
229875,0.0000
229877,0.0000
229879,0.0000
229880,0.0000
229882,0.0000
229884,0.0000
229886,0.0000
229887,0.0000
229889,0.0000
229891,0.0000
229892,0.0000
229894,0.0000
229896,0.0000
229898,0.0000
229899,0.0000
229916,0.0000
229918,0.0000
229919,0.0000
229921,0.0000
229923,0.0000
229925,0.0000
229926,0.0000
229928,0.0000
229930,0.0000
229931,0.0016
229933,0.0000
229935,0.0000
229937,0.0000
229938,0.0000
229940,0.0000
229942,0.0000
229944,0.0000
229945,0.0000
229947,0.0000
229949,0.0000
229966,0.0000
229967,0.0000
229969,0.0000
229971,0.0000
229973,0.0000
229974,0.0000
229976,0.0000
229978,0.0000
229979,0.0000
229981,0.0000
229983,0.0000
229985,0.0000
229987,0.0000
229988,0.0000
229990,0.0000
229992,0.0000
229993,0.0000
229995,0.0000
229997,0.0000
229999,0.0000
230000,0.0000
230017,0.0000
230019,0.0000
230020,0.0000
230022,0.0000
230024,0.0000
230026,0.0000
230027,0.0000
230029,0.0000
230031,0.0000
