ASI-ROCKETRY-050, 1757857322, 0, 25.0, 1012.14, 434.000, -72, 0.11, 0.0, -0.12, 903.15, 12.906797, 77.595902, 12, 0.94, -32, 1, 431529264
ASI-ROCKETRY-050, 0, 0, 25.0, 1012.14, 434.000, -72, 0.11, 0.0, -0.12, 903.15, 12.906797, 77.595902, 12, 0.94, -32, 1, 2061492514
ASI-ROCKETRY-050, 0, 0, 24.99, 1013.0, 434.000, -72, -0.02, -0.03, -0.06, 903.15, 12.906797, 77.595902, 12, 0.94, -32, 1, 76058358
ASI-ROCKETRY-050, 0, 0, 24.8, 1013.88, 434.000, -72, -0.2, 0.09, -0.09, 903.15, 12.906797, 77.595902, 12, 0.94, -32, 1, 658332906
ASI-ROCKETRY-050, 0, 0, 25.1, 1014.42, 434.000, -72, 0.14, -0.15, 0.01, 903.15, 12.906797, 77.595902, 12, 0.94, -32, 1, 86866985
ASI-ROCKETRY-050, 0, 0, 24.99, 1012.43, 434.000, -72, 0.04, -0.06, -0.03, 903.15, 12.906797, 77.595902, 12, 0.94, -32, 1, 932338858
ASI-ROCKETRY-050, 0, 0, 25.08, 1014.44, 434.000, -72, -0.11, 0.08, -0.0, 903.15, 12.906797, 77.595902, 12, 0.94, -32, 1, 3339005831
ASI-ROCKETRY-050, 0, 0, 24.7, 1013.71, 434.000, -72, -0.02, 0.04, 0.0, 903.15, 12.906797, 77.595902, 12, 0.94, -32, 1, 852625700
ASI-ROCKETRY-050, 0, 0, 24.97, 1013.19, 434.000, -72, -0.06, -0.16, -0.04, 903.15, 12.906797, 77.595902, 12, 0.94, -32, 1, 2927821680
ASI-ROCKETRY-050, 0, 0, 24.81, 1013.41, 434.000, -72, 0.02, -0.02, -0.11, 903.15, 12.906797, 77.595902, 12, 0.94, -32, 1, 2142810862
ASI-ROCKETRY-050, 0, 0, 25.0, 1012.14, 434.000, -72, 0.11, 0.0, -0.12, 903.15, 12.906797, 77.595902, 12, 0.94, -32, 1, 2061492514
ASI-ROCKETRY-050, 0, 0, 24.99, 1013.0, 434.000, -72, -0.02, -0.03, -0.06, 903.15, 12.906797, 77.595902, 12, 0.94, -32, 1, 76058358
ASI-ROCKETRY-050, 0, 0, 24.8, 1013.88, 434.000, -72, -0.2, 0.09, -0.09, 903.15, 12.906797, 77.595902, 12, 0.94, -32, 1, 658332906
ASI-ROCKETRY-050, 0, 0, 25.1, 1014.42, 434.000, -72, 0.14, -0.15, 0.01, 903.15, 12.906797, 77.595902, 12, 0.94, -32, 1, 86866985
ASI-ROCKETRY-050, 0, 0, 24.99, 1012.43, 434.000, -72, 0.04, -0.06, -0.03, 903.15, 12.906797, 77.595902, 12, 0.94, -32, 1, 932338858
ASI-ROCKETRY-050, 0, 0, 25.08, 1014.44, 434.000, -72, -0.11, 0.08, -0.0, 903.15, 12.906797, 77.595902, 12, 0.94, -32, 1, 3339005831
ASI-ROCKETRY-050, 0, 0, 24.7, 1013.71, 434.000, -72, -0.02, 0.04, 0.0, 903.15, 12.906797, 77.595902, 12, 0.94, -32, 1, 852625700
ASI-ROCKETRY-050, 0, 0, 24.97, 1013.19, 434.000, -72, -0.06, -0.16, -0.04, 903.15, 12.906797, 77.595902, 12, 0.94, -32, 1, 2927821680
ASI-ROCKETRY-050, 0, 0, 24.81, 1013.41, 434.000, -72, 0.02, -0.02, -0.11, 903.15, 12.906797, 77.595902, 12, 0.94, -32, 1, 2142810862
ASI-ROCKETRY-050, 0, 0, 24.99, 1013.98, 434.000, -72, 0.02, 0.04, -0.01, 903.15, 12.906797, 77.595902, 12, 0.94, -32, 1, 512094801
ASI-ROCKETRY-050, 0, 0, 24.77, 1012.98, 434.000, -72, 0.06, -0.05, 0.05, 903.15, 12.906797, 77.595902, 12, 0.94, -32, 1, 2833788740
ASI-ROCKETRY-050, 0, 0, 24.73, 1013.48, 434.000, -72, -0.03, 0.08, -0.05, 903.15, 12.906797, 77.595902, 12, 0.94, -32, 1, 1234335531
ASI-ROCKETRY-050, 0, 0, 25.04, 1012.47, 434.000, -72, 0.03, 0.11, -0.1, 903.15, 12.906797, 77.595902, 12, 0.94, -32, 1, 1463073013
ASI-ROCKETRY-050, 0, 0, 25.61, 1013.24, 434.000, -72, 0.06, 0.06, 0.01, 903.15, 12.906797, 77.595902, 12, 0.94, -32, 1, 1746753590
ASI-ROCKETRY-050, 0, 0, 25.09, 1012.47, 434.000, -72, 0.08, 0.08, 0.01, 903.15, 12.906797, 77.595902, 12, 0.94, -32, 1, 1325520970
ASI-ROCKETRY-050, 0, 0, 24.84, 1011.83, 434.000, -72, 0.08, -0.02, -0.06, 903.15, 12.906797, 77.595902, 12, 0.94, -32, 1, 350752293
ASI-ROCKETRY-050, 0, 0, 25.13, 1011.78, 434.000, -72, 0.13, -0.19, 0.03, 903.15, 12.906797, 77.595902, 12, 0.94, -32, 1, 3118774196
ASI-ROCKETRY-050, 0, 0, 25.0, 1013.77, 434.000, -72, 0.02, 0.03, -0.01, 903.15, 12.906797, 77.595902, 12, 0.94, -32, 1, 1482065237
ASI-ROCKETRY-050, 0, 0, 24.57, 1014.21, 434.000, -72, 0.07, -0.04, -0.06, 903.15, 12.906797, 77.595902, 12, 0.94, -32, 1, 1597830685
ASI-ROCKETRY-050, 0, 0, 25.39, 1011.84, 434.000, -72, 0.02, -0.01, -0.09, 903.15, 12.906797, 77.595902, 12, 0.94, -32, 1, 1958441513
ASI-ROCKETRY-050, 0, 0, 24.76, 1012.89, 434.000, -72, 0.13, -0.03, 0.09, 903.15, 12.906797, 77.595902, 12, 0.94, -32, 1, 3387294011
ASI-ROCKETRY-050, 0, 0, 25.13, 1013.37, 434.000, -72, 0.16, -0.07, -0.1, 903.15, 12.906797, 77.595902, 12, 0.94, -32, 1, 467032102
ASI-ROCKETRY-050, 0, 0, 24.81, 1014.08, 434.000, -72, 0.07, -0.17, -0.03, 903.15, 12.906797, 77.595902, 12, 0.94, -32, 1, 1899814813
ASI-ROCKETRY-050, 0, 0, 25.13, 1012.89, 434.000, -72, 0.02, -0.02, -0.04, 903.15, 12.906797, 77.595902, 12, 0.94, -32, 1, 2011343107
ASI-ROCKETRY-050, 0, 0, 25.13, 1012.54, 434.000, -72, -0.04, 0.06, 0.1, 903.15, 12.906797, 77.595902, 12, 0.94, -32, 1, 1466281965
ASI-ROCKETRY-050, 0, 0, 25.13, 1012.24, 434.000, -72, -0.01, -0.09, 0.13, 903.15, 12.906797, 77.595902, 12, 0.94, -32, 1, 946291696
ASI-ROCKETRY-050, 0, 0, 24.98, 1013.08, 434.000, -72, -0.04, -0.16, 0.2, 903.15, 12.906797, 77.595902, 12, 0.94, -32, 1, 3065730484
ASI-ROCKETRY-050, 0, 0, 24.95, 1012.68, 434.000, -72, -0.03, 0.03, -0.11, 903.15, 12.906797, 77.595902, 12, 0.94, -32, 1, 3315485658
ASI-ROCKETRY-050, 0, 0, 24.96, 1012.32, 434.000, -72, 0.01, 0.05, 0.15, 903.15, 12.906797, 77.595902, 12, 0.94, -32, 1, 1500824658
ASI-ROCKETRY-050, 0, 0, 25.15, 1013.1, 434.000, -72, -0.14, 0.1, -0.06, 903.15, 12.906797, 77.595902, 12, 0.94, -32, 1, 337326575
ASI-ROCKETRY-050, 0, 0, 24.95, 1014.66, 434.000, -72, -0.01, -0.02, -0.04, 903.15, 12.906797, 77.595902, 12, 0.94, -32, 1, 787054321
ASI-ROCKETRY-050, 0, 0, 25.01, 1014.18, 434.000, -72, 0.05, 0.12, -0.01, 903.15, 12.906797, 77.595902, 12, 0.94, -32, 1, 3187952276
ASI-ROCKETRY-050, 0, 0, 25.2, 1013.62, 434.000, -72, 0.02, 0.0, -0.05, 903.15, 12.906797, 77.595902, 12, 0.94, -32, 1, 938993434
ASI-ROCKETRY-050, 0, 0, 25.31, 1012.76, 434.000, -72, 0.2, 0.03, -0.1, 903.15, 12.906797, 77.595902, 12, 0.94, -32, 1, 1764417139
ASI-ROCKETRY-050, 0, 0, 24.89, 1013.46, 434.000, -72, 0.05, 0.05, -0.07, 903.15, 12.906797, 77.595902, 12, 0.94, -32, 1, 965409099
ASI-ROCKETRY-050, 0, 0, 24.97, 1014.26, 434.000, -72, 0.08, -0.14, -0.01, 903.15, 12.906797, 77.595902, 12, 0.94, -32, 1, 2974298400
ASI-ROCKETRY-050, 0, 0, 25.02, 1015.21, 434.000, -72, -0.02, -0.02, -0.25, 903.15, 12.906797, 77.595902, 12, 0.94, -32, 1, 534798397
ASI-ROCKETRY-050, 0, 0, 24.76, 1013.4, 434.000, -72, 0.03, -0.1, 0.07, 903.15, 12.906797, 77.595902, 12, 0.94, -32, 1, 1728018890
ASI-ROCKETRY-050, 0, 0, 24.99, 1013.75, 434.000, -72, -0.07, -0.17, 0.11, 903.15, 12.906797, 77.595902, 12, 0.94, -32, 1, 3040818728
ASI-ROCKETRY-050, 0, 0, 24.85, 1011.21, 434.000, -72, 0.05, -0.05, -0.03, 903.15, 12.906797, 77.595902, 12, 0.94, -32, 1, 2948837562
ASI-ROCKETRY-050, 0, 0, 24.84, 1012.63, 434.000, -72, 0.01, 0.11, 0.06, 903.15, 12.906797, 77.595902, 12, 0.94, -32, 1, 3903118789
ASI-ROCKETRY-050, 0, 0, 25.29, 1013.03, 434.000, -72, 0.1, -0.02, -0.02, 903.15, 12.906797, 77.595902, 12, 0.94, -32, 1, 506798342
ASI-ROCKETRY-050, 0, 0, 24.6, 1013.51, 434.000, -72, -0.05, -0.09, -0.06, 903.15, 12.906797, 77.595902, 12, 0.94, -32, 1, 681606907
ASI-ROCKETRY-050, 0, 0, 24.83, 1013.58, 434.000, -72, -0.03, -0.17, 0.09, 903.15, 12.906797, 77.595902, 12, 0.94, -32, 1, 1279782239
ASI-ROCKETRY-050, 0, 0, 25.2, 1013.51, 434.000, -72, -0.09, 0.11, 0.02, 903.15, 12.906797, 77.595902, 12, 0.94, -32, 1, 1508294933
ASI-ROCKETRY-050, 0, 0, 25.03, 1013.83, 434.000, -72, 0.02, -0.03, 0.15, 903.15, 12.906797, 77.595902, 12, 0.94, -32, 1, 2252341997
ASI-ROCKETRY-050, 0, 0, 24.56, 1012.51, 434.000, -72, -0.09, 0.1, -0.0, 903.15, 12.906797, 77.595902, 12, 0.94, -32, 1, 3932969999
ASI-ROCKETRY-050, 0, 0, 25.03, 1013.45, 434.000, -72, -0.0, -0.26, 0.08, 903.15, 12.906797, 77.595902, 12, 0.94, -32, 1, 2293869776
ASI-ROCKETRY-050, 0, 0, 25.23, 1013.35, 434.000, -72, -0.25, -0.15, 0.19, 903.15, 12.906797, 77.595902, 12, 0.94, -32, 1, 582353172
ASI-ROCKETRY-050, 0, 0, 24.89, 1014.74, 434.000, -72, -0.1, 0.0, 0.02, 903.15, 12.906797, 77.595902, 12, 0.94, -32, 1, 553201013
ASI-ROCKETRY-050, 0, 0, 25.13, 1013.02, 434.000, -72, 0.09, -0.11, 0.04, 903.15, 12.906797, 77.595902, 12, 0.94, -32, 1, 2414547690
ASI-ROCKETRY-050, 0, 0, 24.91, 1014.39, 434.000, -72, -0.09, -0.03, 0.04, 903.15, 12.906797, 77.595902, 12, 0.94, -32, 1, 2739785566
ASI-ROCKETRY-050, 0, 0, 24.98, 1013.94, 434.000, -72, 0.07, -0.15, -0.12, 903.15, 12.906797, 77.595902, 12, 0.94, -32, 1, 1041769881
ASI-ROCKETRY-050, 0, 0, 25.07, 1013.53, 434.000, -72, 0.09, -0.22, -0.04, 903.15, 12.906797, 77.595902, 12, 0.94, -32, 2, 646069380
ASI-ROCKETRY-050, 0, 0, 24.69, 1012.37, 434.000, -72, -0.05, -0.02, -0.07, 903.15, 12.906797, 77.595902, 12, 0.94, -32, 2, 1323419333
ASI-ROCKETRY-050, 0, 0, 25.02, 1012.96, 434.000, -72, 0.16, -0.13, -0.04, 903.15, 12.906797, 77.595902, 12, 0.94, -32, 2, 3322652995
ASI-ROCKETRY-050, 0, 0, 24.92, 1013.86, 434.000, -72, 0.05, -0.08, -0.12, 903.15, 12.906797, 77.595902, 12, 0.94, -32, 2, 1873667861
ASI-ROCKETRY-050, 0, 0, 25.09, 1013.0, 434.000, -72, -0.17, 0.08, 0.08, 903.15, 12.906797, 77.595902, 12, 0.94, -32, 2, 3033479949
ASI-ROCKETRY-050, 0, 0, 24.94, 1014.01, 434.000, -72, -0.05, -0.07, -0.21, 903.15, 12.906797, 77.595902, 12, 0.94, -32, 2, 2090125309
ASI-ROCKETRY-050, 1, 0, 24.96, 1013.12, 434.000, -72, -0.07, -0.02, 0.01, 903.15, 12.906797, 77.595902, 12, 0.94, -32, 2, 1307045551
ASI-ROCKETRY-050, 1, 0, 24.6, 1012.71, 434.000, -72, 0.04, -0.15, -0.29, 903.15, 12.906797, 77.595902, 12, 0.94, -32, 2, 2581927481
ASI-ROCKETRY-050, 1, 0, 25.25, 1012.73, 434.000, -72, 0.08, -0.05, -0.04, 903.15, 12.906797, 77.595902, 12, 0.94, -32, 2, 209481308
ASI-ROCKETRY-050, 1, 0, 25.26, 1013.59, 434.000, -72, -0.08, 0.07, 0.05, 903.15, 12.906797, 77.595902, 12, 0.94, -32, 2, 3423254730
ASI-ROCKETRY-050, 1, 0, 24.91, 1011.61, 434.000, -72, -0.07, 0.08, 0.18, 903.15, 12.906797, 77.595902, 12, 0.94, -32, 2, 4184572391
ASI-ROCKETRY-050, 1, 0, 24.93, 1013.57, 434.000, -72, 0.17, -0.05, 0.18, 903.15, 12.906797, 77.595902, 12, 0.94, -32, 2, 997820710
ASI-ROCKETRY-050, 2, 0, 24.89, 1012.11, 434.000, -72, 0.06, -0.07, 0.04, 903.15, 12.906797, 77.595902, 12, 0.94, -32, 2, 2479964735
ASI-ROCKETRY-050, 2, 0, 24.87, 1013.37, 434.000, -72, 0.31, 0.16, -0.1, 903.15, 12.906797, 77.595902, 12, 0.94, -32, 2, 1672661809
ASI-ROCKETRY-050, 2, 0, 25.47, 1012.82, 434.000, -72, -0.22, -0.12, 0.03, 903.15, 12.906797, 77.595902, 12, 0.94, -32, 2, 308225526
ASI-ROCKETRY-050, 2, 0, 25.1, 1012.69, 434.000, -72, -0.05, 0.11, -0.21, 903.15, 12.906797, 77.595902, 12, 0.94, -32, 2, 3971769318
ASI-ROCKETRY-050, 2, 0, 24.88, 1013.21, 434.000, -72, 0.08, -0.12, -0.07, 903.15, 12.906797, 77.595902, 12, 0.94, -32, 2, 2271574835
ASI-ROCKETRY-050, 2, 0, 25.27, 1014.57, 434.000, -72, -0.01, -0.05, -0.13, 903.15, 12.906797, 77.595902, 12, 0.94, -32, 2, 1770244722
ASI-ROCKETRY-050, 2, 0, 25.1, 1010.49, 434.000, -72, -0.25, -0.01, -0.09, 903.15, 12.906797, 77.595902, 12, 0.94, -32, 2, 104290793
ASI-ROCKETRY-050, 3, 0, 25.19, 1013.42, 434.000, -72, -0.03, 0.0, -0.08, 903.15, 12.906797, 77.595902, 12, 0.94, -32, 2, 2360516678
ASI-ROCKETRY-050, 3, 0, 25.4, 1013.32, 434.000, -72, -0.04, -0.01, -0.06, 903.15, 12.906797, 77.595902, 12, 0.94, -32, 2, 520415354
ASI-ROCKETRY-050, 3, 0, 25.0, 1010.85, 434.000, -72, 0.12, 0.05, -0.05, 903.15, 12.906797, 77.595902, 12, 0.94, -32, 2, 1735394219
ASI-ROCKETRY-050, 3, 0, 24.94, 1012.26, 434.000, -72, -0.15, -0.05, 0.12, 903.15, 12.906797, 77.595902, 12, 0.94, -32, 2, 1902852445
ASI-ROCKETRY-050, 3, 0, 24.97, 1012.8, 434.000, -72, 0.13, -0.05, -0.04, 903.15, 12.906797, 77.595902, 12, 0.94, -32, 2, 2314811265
