STeRG01,124,1,15.43,947.29,433493372,-34,-66.21,-85.51,51.58,8027.52,18.439372,74.125063,8,11.79,0.66,RECOVERY,253
STeRG01,125,2,21.68,923.3,433526109,-90,50.56,27.71,27.7,5801.02,19.718263,72.441688,10,10.84,1.57,ASCENT,172
STeRG01,126,3,-10.17,913.63,433139098,-35,-178.24,-15.56,186.58,1077.16,19.625328,74.90855,3,12.16,2.27,ASCENT,170
STeRG01,127,4,6.57,1058.64,433400102,-80,-136.83,-75.61,206.98,3185.52,18.598665,72.329774,9,7.62,2.36,IDLE,237
STeRG01,128,5,32.08,976.3,433979296,-50,137.19,14.14,229.16,9975.88,19.39551,73.242001,5,10.42,0.27,ASCENT,246
STeRG01,129,6,23.5,1063.72,433325632,-115,-112.62,-69.39,151.67,9655.37,18.848151,73.591044,5,6.89,3.83,DESCENT,1
STeRG01,130,7,26.72,1045.87,434244265,-37,55.61,-83.15,35.01,4802.3,18.176004,72.286622,9,9.55,2.35,IDLE,59
STeRG01,131,8,41.85,931.35,433033894,-100,59.77,-4.67,288.64,2256.65,19.957542,74.60193,10,7.57,1.65,ASCENT,47
STeRG01,132,9,20.38,1005.29,434675651,-63,99.67,-73.23,212.66,2626.46,19.715579,73.270969,10,11.98,3.59,IDLE,46
STeRG01,133,10,5.52,970.39,433171243,-95,-129.38,-56.59,341.92,1990.01,19.418541,74.130139,10,12.44,3.54,RECOVERY,21
STeRG01,132,9,20.38,1005.29,434675651,-63,99.67,-73.23,212.66,2626.46,19.715579,73.270969,10,11.98,3.59,RECOVERY,46